sensor_topic:
  image_topic: /cam0/image_raw
  imu_topic: /imu0

feature_extractor:
    confidence_thresh: 0.015
    distance_thresh: 8
    horizontal_boarder_width: 10
    vertical_boarder_width: 10
    inference_width: 752
    inference_height: 480
    weight_path: /home/chenghe/catkin_ws/src/SuperVIO/data/superpoint.pt

feature_tracker:
  match_thresh: 0.9
  parallax_thresh: 10.0
  ratio_thresh: 1.0
  fundamental_filter: true

triangulator:
  view_angle_check: false
  baseline_check: false
  baseline_thresh: 0.1
  error_thresh: 5.0
  view_angle_thresh: 0.1

optimizer:
  linear_solver_type: "dense_schur"
  trust_region_strategy: "dogleg"
  max_iteration: 10
  num_threads: 4
  verbose: false
  max_solver_time: 1.0

estimation:
  min_num_match: 10
  sliding_window_size: 10
  parallax_thresh: 1.0
  linearized_ba_thresh: 100
  linearized_bg_thresh: 100
  max_preintegration_time: 10.0

imu:
  accelerator_noise: 0.1
  gyroscope_noise: 0.01
  accelerator_random_walk_noise: 0.001
  gyroscope_random_walk_noise: 0.0001

camera:
  camera_type: pinhole
  input_intrinsic:  [ 4.6894439430045497e+02, 4.6967991177317680e+02,  3.5308385782266549e+02,  2.2974410036895023e+02]
  input_distortion: [-2.9839715720358556e-01, 9.2224519780237782e-02, -1.1990340691497372e-04, -7.4597868882045419e-05]
  output_intrinsic: [ 4.6894439430045497e+02, 4.6967991177317680e+02,  3.5308385782266549e+02,  2.2974410036895023e+02]
  input_image_height: 480
  input_image_width: 752
  output_image_height: 480
  output_image_width: 752
  use_gpu_for_undistortion: true

extrinsic:
  extrinsic_rotation: [ 9.9991036582958637e-01,  1.1948793070511360e-02, -6.0404180899061577e-03,
                       -1.1931508793228868e-02,  9.9992464233075007e-01,  2.8894216789357523e-03,
                        6.0744879998126597e-03, -2.8170913864660921e-03,  9.9997758204454790e-01]
  extrinsic_position: [ 3.8836925129605959e-02, -4.7406823518464092e-03, -3.5997702822723361e-03]
  gravity_norm: 9.81007
